checkbeam_checkrc_beamok,checkbeam_checktopup_time_beamok,macr16_data,refl_refl,refl_refl_raw,refl_refl_sens,vmag_field,vmag_phi,vmag_theta
1,1,76397,1.7973e-09,35946,5e-10,-8,90,35
1,1,76442,1.7991e-09,35982,5e-10,-7.9,90,35
1,1,76357,1.7972e-09,35944,5e-10,-7.8,90,35
1,1,76271,1.7963e-09,35927,5e-10,-7.7,90,35
1,1,76257,1.7957e-09,35915,5e-10,-7.6,90,35
1,1,76278,1.7969e-09,35938,5e-10,-7.5,90,35
1,1,76263,1.7958e-09,35917,5e-10,-7.4,90,35
1,1,76052,1.7912e-09,35824,5e-10,-7.3,90,35
1,1,76198,1.7936e-09,35872,5e-10,-7.2,90,35
1,1,76198,1.7947e-09,35894,5e-10,-7.1,90,35
1,1,76256,1.7955e-09,35910,5e-10,-7,90,35
1,1,76349,1.7988e-09,35975,5e-10,-6.9,90,35
1,1,76185,1.7939e-09,35878,5e-10,-6.8,90,35
1,1,76397,1.799e-09,35981,5e-10,-6.7,90,35
1,1,76449,1.7993e-09,35986,5e-10,-6.6,90,35
1,1,76361,1.7986e-09,35973,5e-10,-6.5,90,35
1,1,76406,1.8e-09,36000,5e-10,-6.4,90,35
1,1,76477,1.7995e-09,35989,5e-10,-6.3,90,35
1,1,76437,1.8002e-09,36004,5e-10,-6.2,90,35
1,1,76468,1.8005e-09,36010,5e-10,-6.1,90,35
1,1,76451,1.7998e-09,35996,5e-10,-6,90,35
1,1,76653,1.8039e-09,36078,5e-10,-5.9,90,35
1,1,76643,1.8029e-09,36058,5e-10,-5.8,90,35
1,1,76508,1.8017e-09,36033,5e-10,-5.7,90,35
1,1,76463,1.8003e-09,36006,5e-10,-5.6,90,35
1,1,76305,1.7983e-09,35965,5e-10,-5.5,90,35
1,1,76485,1.8012e-09,36025,5e-10,-5.4,90,35
1,1,76370,1.7985e-09,35971,5e-10,-5.3,90,35
1,1,76702,1.805e-09,36100,5e-10,-5.2,90,35
1,1,76618,1.8033e-09,36067,5e-10,-5.1,90,35
1,1,76408,1.8002e-09,36003,5e-10,-5,90,35
1,1,76467,1.8018e-09,36037,5e-10,-4.9,90,35
1,1,76503,1.8005e-09,36011,5e-10,-4.8,90,35
1,1,76546,1.8023e-09,36046,5e-10,-4.7,90,35
1,1,76529,1.8016e-09,36032,5e-10,-4.6,90,35
1,1,76379,1.7984e-09,35968,5e-10,-4.5,90,35
1,1,76495,1.8011e-09,36022,5e-10,-4.4,90,35
1,1,76375,1.7991e-09,35982,5e-10,-4.3,90,35
1,1,76405,1.799e-09,35980,5e-10,-4.2,90,35
1,1,76334,1.797e-09,35939,5e-10,-4.1,90,35
1,1,76489,1.8011e-09,36022,5e-10,-4,90,35
1,1,76419,1.7995e-09,35990,5e-10,-3.9,90,35
1,1,76386,1.7995e-09,35990,5e-10,-3.8,90,35
1,1,76444,1.8006e-09,36013,5e-10,-3.7,90,35
1,0,76414,1.7997e-09,35993,5e-10,-3.6,90,35
1,1,77875,1.8253e-09,36507,5e-10,-3.5,90,35
1,1,78075,1.8295e-09,36591,5e-10,-3.4,90,35
1,1,78004,1.8291e-09,36581,5e-10,-3.3,90,35
1,1,77966,1.8278e-09,36555,5e-10,-3.2,90,35
1,1,77788,1.8249e-09,36498,5e-10,-3.1,90,35
1,1,77824,1.8248e-09,36496,5e-10,-3,90,35
1,1,77790,1.8249e-09,36499,5e-10,-2.9,90,35
1,1,77799,1.8242e-09,36485,5e-10,-2.8,90,35
1,1,77889,1.8272e-09,36544,5e-10,-2.7,90,35
1,1,77831,1.8255e-09,36510,5e-10,-2.6,90,35
1,1,77856,1.8252e-09,36503,5e-10,-2.5,90,35
1,1,77621,1.8213e-09,36425,5e-10,-2.4,90,35
1,1,77519,1.8193e-09,36386,5e-10,-2.3,90,35
1,1,77836,1.8251e-09,36502,5e-10,-2.2,90,35
1,1,77625,1.8219e-09,36439,5e-10,-2.1,90,35
1,1,77634,1.8217e-09,36433,5e-10,-2,90,35
1,1,77801,1.8256e-09,36512,5e-10,-1.9,90,35
1,1,77805,1.8246e-09,36491,5e-10,-1.8,90,35
1,1,77732,1.8218e-09,36435,5e-10,-1.7,90,35
1,1,77665,1.8225e-09,36449,5e-10,-1.6,90,35
1,1,77585,1.82e-09,36401,5e-10,-1.5,90,35
1,1,77351,1.8159e-09,36318,5e-10,-1.4,90,35
1,1,77585,1.8206e-09,36413,5e-10,-1.3,90,35
1,1,77479,1.8187e-09,36374,5e-10,-1.2,90,35
1,1,77514,1.8181e-09,36362,5e-10,-1.1,90,35
1,1,77456,1.817e-09,36340,5e-10,-1,90,35
1,1,77442,1.8161e-09,36323,5e-10,-0.9,90,35
1,1,77330,1.8147e-09,36295,5e-10,-0.8,90,35
1,1,77541,1.8179e-09,36358,5e-10,-0.7,90,35
1,1,77481,1.8172e-09,36345,5e-10,-0.6,90,35
1,1,77592,1.8157e-09,36314,5e-10,-0.5,90,35
1,1,77563,1.8173e-09,36346,5e-10,-0.4,90,35
1,1,77620,1.8197e-09,36393,5e-10,-0.3,90,35
1,1,77609,1.8204e-09,36408,5e-10,-0.2,90,35
1,1,77708,1.8222e-09,36445,5e-10,-0.1,90,35
1,1,77691,1.8225e-09,36450,5e-10,-1.1685e-14,90,35
1,1,77742,1.6904e-09,33808,5e-10,0.1,90,35
1,1,77733,1.6904e-09,33808,5e-10,0.2,90,35
1,1,77720,1.6921e-09,33842,5e-10,0.3,90,35
1,1,77671,1.6912e-09,33824,5e-10,0.4,90,35
1,1,77795,1.6933e-09,33866,5e-10,0.5,90,35
1,1,77799,1.6917e-09,33833,5e-10,0.6,90,35
1,1,77919,1.6945e-09,33889,5e-10,0.7,90,35
1,1,77878,1.6916e-09,33831,5e-10,0.8,90,35
1,1,77700,1.689e-09,33780,5e-10,0.9,90,35
1,1,77702,1.6876e-09,33751,5e-10,1,90,35
1,1,77743,1.688e-09,33760,5e-10,1.1,90,35
1,1,77813,1.689e-09,33780,5e-10,1.2,90,35
1,1,77780,1.6871e-09,33741,5e-10,1.3,90,35
1,1,77632,1.685e-09,33699,5e-10,1.4,90,35
1,1,77781,1.6873e-09,33746,5e-10,1.5,90,35
1,1,77607,1.6853e-09,33706,5e-10,1.6,90,35
1,1,77550,1.683e-09,33660,5e-10,1.7,90,35
1,1,77655,1.6859e-09,33718,5e-10,1.8,90,35
1,1,77912,1.6905e-09,33809,5e-10,1.9,90,35
1,1,77801,1.6893e-09,33787,5e-10,2,90,35
1,1,77906,1.6903e-09,33806,5e-10,2.1,90,35
1,1,77918,1.6907e-09,33814,5e-10,2.2,90,35
1,1,77814,1.6894e-09,33788,5e-10,2.3,90,35
1,1,77779,1.6886e-09,33773,5e-10,2.4,90,35
1,1,77752,1.6885e-09,33771,5e-10,2.5,90,35
1,1,77957,1.6913e-09,33827,5e-10,2.6,90,35
1,1,78059,1.6934e-09,33869,5e-10,2.7,90,35
1,1,78083,1.6947e-09,33895,5e-10,2.8,90,35
1,1,78115,1.6957e-09,33914,5e-10,2.9,90,35
1,1,78077,1.6945e-09,33890,5e-10,3,90,35
1,1,78083,1.6945e-09,33891,5e-10,3.1,90,35
1,1,77952,1.6934e-09,33868,5e-10,3.2,90,35
1,1,78101,1.6938e-09,33876,5e-10,3.3,90,35
1,1,77986,1.6925e-09,33850,5e-10,3.4,90,35
1,1,77955,1.6931e-09,33861,5e-10,3.5,90,35
1,1,77982,1.6922e-09,33844,5e-10,3.6,90,35
1,1,77853,1.69e-09,33800,5e-10,3.7,90,35
1,1,77922,1.692e-09,33841,5e-10,3.8,90,35
1,1,77958,1.6929e-09,33858,5e-10,3.9,90,35
1,1,78116,1.695e-09,33900,5e-10,4,90,35
1,1,77809,1.6903e-09,33806,5e-10,4.1,90,35
1,1,77922,1.6923e-09,33846,5e-10,4.2,90,35
1,1,77945,1.6929e-09,33857,5e-10,4.3,90,35
1,1,77983,1.6924e-09,33847,5e-10,4.4,90,35
1,1,78012,1.6937e-09,33874,5e-10,4.5,90,35
1,1,77768,1.69e-09,33801,5e-10,4.6,90,35
1,1,77967,1.6934e-09,33869,5e-10,4.7,90,35
1,1,77720,1.688e-09,33760,5e-10,4.8,90,35
1,1,77755,1.6898e-09,33796,5e-10,4.9,90,35
1,1,77717,1.689e-09,33779,5e-10,5,90,35
1,1,77793,1.6905e-09,33809,5e-10,5.1,90,35
1,1,77735,1.6897e-09,33794,5e-10,5.2,90,35
1,1,77760,1.6905e-09,33810,5e-10,5.3,90,35
1,1,77768,1.6895e-09,33790,5e-10,5.4,90,35
1,1,77755,1.6904e-09,33807,5e-10,5.5,90,35
1,1,77707,1.69e-09,33800,5e-10,5.6,90,35
1,1,77732,1.6898e-09,33797,5e-10,5.7,90,35
1,1,77810,1.6914e-09,33828,5e-10,5.8,90,35
1,1,77848,1.6925e-09,33851,5e-10,5.9,90,35
1,1,77823,1.6915e-09,33830,5e-10,6,90,35
1,1,77789,1.6909e-09,33817,5e-10,6.1,90,35
1,1,77810,1.691e-09,33820,5e-10,6.2,90,35
1,1,77841,1.6921e-09,33842,5e-10,6.3,90,35
1,1,77962,1.6934e-09,33868,5e-10,6.4,90,35
1,1,77710,1.6909e-09,33818,5e-10,6.5,90,35
1,1,77723,1.6899e-09,33799,5e-10,6.6,90,35
1,1,77501,1.6868e-09,33736,5e-10,6.7,90,35
1,1,77742,1.6898e-09,33796,5e-10,6.8,90,35
1,1,77749,1.6909e-09,33817,5e-10,6.9,90,35
1,1,77615,1.6891e-09,33781,5e-10,7,90,35
1,1,77571,1.6874e-09,33748,5e-10,7.1,90,35
1,1,77667,1.6891e-09,33783,5e-10,7.2,90,35
1,1,77780,1.6911e-09,33821,5e-10,7.3,90,35
1,1,77856,1.6928e-09,33856,5e-10,7.4,90,35
1,1,77847,1.6926e-09,33852,5e-10,7.5,90,35
1,1,77944,1.6945e-09,33891,5e-10,7.6,90,35
1,1,77827,1.693e-09,33860,5e-10,7.7,90,35
1,1,77789,1.6912e-09,33825,5e-10,7.8,90,35
1,1,77865,1.6939e-09,33877,5e-10,7.9,90,35
1,1,77901,1.6939e-09,33877,5e-10,8,90,35
